0 3 5 7 8
0 3 5 -6 -8
0 2 5 6 -8 -7 -8
1 3 5 7 8
0 -12 -9 8 7 8 -6 -5 -2
0 3 -12
0 3 5 -8 1
0 3 5 7 9 4 -12 -9 10
0 3 5 7 9 4 -12 -9 -7
0 3 5 7 9 3 5 -8 -7
0 3 5 7 9 -5 -3 4 -12 -9
0 -12 13 -11 13
1 2 -3 2
0 -3 2 -3 4 -12
3 2 -3 2
2 2 -3 2
0 -3 -6 -9
0 2 -5 -10 9 -13 -12 -8 -6
0 2 -5 -10 9 -13 -12 -4 9 -5 -9 -6 5 7 -2 1 -8 -6 5 -2 13 -11
0 -3 13
0 2 -5 -10 8 -4 3 -1 -5
0 2 -5 -10 8 -4 3 -1 12 13 -11 7 -2 1 -8 9 -13 -12 -4 3 -1 2 -7 -5 -5
0 13 11
0 2 7 7
0 2 -7 -2 -3 8 -4 3 -4 3 -1 -3 4 -8
0 2 -7 -2 -3 8 -4 3 -4 3 -1 -8 4 12 -13 -9 -6 10 10 -6 5 7 11
